"x" "y" "condition"
"1" -3306.6349 -3793.523 1
"2" -3301.42145 -3797.0735 1
"3" -3285.06485 -3826.7275 0
"4" -3040.45565 -3823.2935 1
"5" -3036.66265 -3804.036 1
"6" -3039.81085 -3819.208 1
"7" -3036.01785 -3799.9505 1
"8" -2999.83135 -3810.7035 1
"9" -2999.18655 -3806.618 1
"10" -2997.54165 -3800.059 1
"11" -3098.8019 -3955.8455 1
"12" -3089.61275 -3940.2135 1
"13" -3082.2056 -3970.634 0
"14" -3055.9166 -3960.8965 1
"15" -3015.9126 -4042.5715 0
"16" -3008.82415 -4038.664 0
"17" -3008.63375 -4042.685 0
"18" -3006.74155 -4035.764 0
"19" -3004.7178 -4037.4645 0
"20" -3000.88795 -4038.598 0
"21" -3000.76815 -4035.404 0
"22" -3000.294 -4021.158 1
"23" -2993.20555 -4017.2505 0
"24" -2993.01515 -4021.2715 1
"25" -2991.12295 -4014.3505 0
"26" -2989.0992 -4016.051 0
"27" -2985.26935 -4017.1845 0
"28" -2985.14955 -4013.9905 0
"29" -2994.6855 -4020.631 1
"30" -2987.59705 -4016.7235 1
"31" -2987.40665 -4020.7445 1
"32" -2985.51445 -4013.8235 1
"33" -2983.4907 -4015.524 1
"34" -2979.66085 -4016.6575 0
"35" -2979.54105 -4013.4635 0
"36" -2991.9891 -4037.159 1
"37" -2984.90065 -4033.2515 1
"38" -2984.71025 -4037.2725 1
"39" -2982.81805 -4030.3515 1
"40" -2980.7943 -4032.052 1
"41" -2976.96445 -4033.1855 0
"42" -2976.84465 -4029.9915 0
"43" -3068.4373 -3965.184 1
"44" -3014.7582 -4047.1585 0
"45" -2999.1396 -4025.745 1
"46" -2990.8347 -4041.746 1
"47" -3094.26025 -3972.455 0
"48" -2994.85345 -4037.0775 0
"49" -2979.23485 -4015.664 0
"50" -2973.62635 -4015.137 0
"51" -2970.92995 -4031.665 0
"52" -2985.00945 -4041.8125 0
"53" -2969.39085 -4020.399 0
"54" -2963.78235 -4019.872 0
"55" -2961.08595 -4036.4 0
"56" -2985.5048 -4014.0365 1
"57" -2985.3144 -4018.0575 1
"58" -2983.4222 -4011.1365 1
"59" -2981.39845 -4012.837 1
"60" -2977.5686 -4013.9705 1
"61" -2977.4488 -4010.7765 0
"62" -2971.5341 -4012.45 0
"63" -2961.6901 -4017.185 0
"64" -2964.78745 -4020.8915 1
"65" -2964.66765 -4017.6975 1
"66" -2958.75295 -4019.371 1
"67" -2948.90895 -4024.106 0
"68" -2953.9162 -4004.2375 0
"69" -2948.3077 -4003.7105 0
"70" -2945.6113 -4020.2385 0
"71" -2946.21545 -4001.0235 0
"72" -2933.4343 -4007.9445 0
"73" -2933.04245 -3973.129 1
"74" -2949.6028 -4012.51 1
"75" -2943.9943 -4011.983 0
"76" -2941.2979 -4028.511 0
"77" -2941.90205 -4009.296 0
"78" -2929.1209 -4016.217 0
"79" -2954.69285 -4008.7295 1
"80" -2944.84885 -4013.4645 1
"81" -2929.3742 -3997.303 0
"82" -2925.0608 -4005.5755 0
"83" -2958.99485 -3942.6505 1
"84" -2955.1447 -3941.19 0
"85" -2949.9372 -3942.0605 0
"86" -2942.08505 -3972.5695 1
"87" -2929.3039 -3979.4905 1
"88" -2928.91205 -3944.675 0
"89" -2925.2438 -3968.849 1
"90" -2928.80645 -3969.4595 1
"91" -2924.67605 -3941.0055 0
"92" -2923.9353 -3987.055 0
"93" -2919.6219 -3995.3275 1
"94" -2919.8049 -3958.601 0
"95" -2942.1278 -4006.6135 1
"96" -2936.5193 -4006.0865 1
"97" -2933.8229 -4022.6145 1
"98" -2934.42705 -4003.3995 1
"99" -2921.6459 -4010.3205 0
"100" -2921.25405 -3975.505 1
"101" -2917.5858 -3999.679 0
"102" -2917.01805 -3971.8355 1
"103" -2912.1469 -3989.431 0
"104" -2942.85155 -4012.6195 1
"105" -2937.24305 -4012.0925 1
"106" -2934.54665 -4028.6205 1
"107" -2935.1508 -4009.4055 1
"108" -2922.36965 -4016.3265 0
"109" -2918.30955 -4005.685 0
"110" -2912.87065 -3995.437 0
"111" -2935.2217 -4042.027 1
"112" -2919.74705 -4025.8655 1
"113" -2915.43365 -4034.138 0
"114" -2907.95865 -4028.2415 1
"115" -2908.6824 -4034.2475 0
"116" -2934.43815 -4038.3075 1
"117" -2918.9635 -4022.146 1
"118" -2914.6501 -4030.4185 0
"119" -2907.1751 -4024.522 0
"120" -2907.89885 -4030.528 0
"121" -2939.0039 -4003.756 1
"122" -2933.3954 -4003.229 1
"123" -2930.699 -4019.757 1
"124" -2931.30315 -4000.542 1
"125" -2918.522 -4007.463 0
"126" -2918.13015 -3972.6475 1
"127" -2914.4619 -3996.8215 0
"128" -2913.89415 -3968.978 1
"129" -2909.023 -3986.5735 0
"130" -2904.83475 -4025.384 1
"131" -2904.0512 -4021.6645 0
"132" -2911.2603 -3935.136 0
"133" -2913.0751 -3989.9045 1
"134" -2908.7617 -3998.177 0
"135" -2908.9447 -3961.4505 0
"136" -2901.2867 -3992.2805 0
"137" -2902.01045 -3998.2865 1
"138" -2898.1628 -3989.423 0
"139" -2909.27095 -3921.1225 1
"140" -2912.1446 -3987.8945 1
"141" -2911.75275 -3953.079 0
"142" -2908.0845 -3977.253 1
"143" -2907.51675 -3949.4095 0
"144" -2902.6456 -3967.005 0
"145" -2894.101 -3943.54 0
"146" -2891.7854 -3969.8545 0
"147" -2892.11165 -3929.5265 1
"148" -2909.8495 -4008.4885 1
"149" -2905.7894 -3997.847 0
"150" -2900.3505 -3987.599 0
"151" -2896.16225 -4026.4095 1
"152" -2895.3787 -4022.69 1
"153" -2889.4903 -3990.4485 0
"154" -2903.06375 -3944.173 1
"155" -2895.40575 -3975.003 1
"156" -2892.28185 -3972.1455 1
"157" -2885.90445 -3952.577 0
"158" -2883.60935 -3973.171 1
"159" -2899.29005 -3926.0415 1
"160" -2882.13075 -3934.4455 1
"161" -2906.0438 -4016.662 1
"162" -2901.9837 -4006.0205 1
"163" -2896.5448 -3995.7725 1
"164" -2892.35655 -4034.583 0
"165" -2891.573 -4030.8635 0
"166" -2885.6846 -3998.622 0
"167" -2903.12495 -4013.462 1
"168" -2899.06485 -4002.8205 1
"169" -2893.62595 -3992.5725 1
"170" -2889.4377 -4031.383 1
"171" -2888.65415 -4027.6635 0
"172" -2882.76575 -3995.422 0
"173" -2876.8848 -3978.1445 1
"174" -2899.59825 -4023.5085 1
"175" -2895.53815 -4012.867 1
"176" -2885.911 -4041.4295 0
"177" -2885.12745 -4037.71 0
"178" -2879.23905 -4005.4685 0
"179" -2898.875 -4017.9705 1
"180" -2894.8149 -4007.329 1
"181" -2889.376 -3997.081 1
"182" -2885.18775 -4035.8915 1
"183" -2884.4042 -4032.172 1
"184" -2878.5158 -3999.9305 0
"185" -2875.2557 -3934.477 1
"186" -2879.9037 -4046.395 1
"187" -2879.12015 -4042.6755 1
"188" -2866.2434 -3939.4095 1
"189" -2865.04265 -3940.099 1
"190" -2862.72705 -3966.4135 1
"191" -2856.8461 -3949.136 1
"192" -2853.0724 -3931.0045 1
"193" -2846.19735 -3931.036 1
"194" -2837.18505 -3935.9685 0
"195" -2858.57725 -3948.2475 1
"196" -2829.5189 -3944.8065 0
"197" -2826.70835 -3956.0205 0
"198" -2824.405 -3943.212 0
"199" -2845.7814 -4019.1585 1
"200" -2842.86255 -4015.9585 1
"201" -2839.33585 -4026.005 1
"202" -2838.6126 -4020.467 1
"203" -2833.32855 -4030.9705 0
"204" -2822.82385 -3986.95 1
"205" -2845.9513 -4013.7745 1
"206" -2843.03245 -4010.5745 1
"207" -2839.50575 -4020.621 1
"208" -2838.7825 -4015.083 1
"209" -2833.49845 -4025.5865 1
"210" -2822.99375 -3981.566 1
"211" -2841.1204 -3908.496 1
"212" -2834.24535 -3908.5275 1
"213" -2828.7597 -3891.6115 1
"214" -2825.23305 -3913.46 0
"215" -2823.34055 -3893.01 1
"216" -2819.47515 -3891.655 1
"217" -2817.5669 -3922.298 0
"218" -2814.75635 -3933.512 1
"219" -2812.453 -3920.7035 0
"220" -2841.21005 -3914.828 1
"221" -2834.335 -3914.8595 1
"222" -2828.84935 -3897.9435 1
"223" -2825.3227 -3919.792 0
"224" -2823.4302 -3899.342 1
"225" -2819.5648 -3897.987 1
"226" -2817.65655 -3928.63 0
"227" -2814.846 -3939.844 1
"228" -2812.54265 -3927.0355 0
"229" -2839.89735 -3905.7745 1
"230" -2833.0223 -3905.806 1
"231" -2827.53665 -3888.89 1
"232" -2824.01 -3910.7385 0
"233" -2822.1175 -3890.2885 1
"234" -2818.2521 -3888.9335 1
"235" -2816.34385 -3919.5765 0
"236" -2813.5333 -3930.7905 1
"237" -2811.22995 -3917.982 0
"238" -2839.27985 -4019.9365 1
"239" -2835.75315 -4029.983 1
"240" -2835.0299 -4024.445 1
"241" -2829.74585 -4034.9485 1
"242" -2830.97865 -4032.2645 1
"243" -2830.2554 -4026.7265 1
"244" -2824.97135 -4037.23 1
"245" -2814.2348 -3958.812 0
"246" -2802.2828 -3936.3035 1
"247" -2802.37245 -3942.6355 0
"248" -2801.05975 -3933.582 1
"249" -2803.0654 -3898.5585 0
"250" -2803.15505 -3904.8905 0
"251" -2801.84235 -3895.837 0
"252" -2811.2487 -3954.476 0
"253" -2799.2967 -3931.9675 1
"254" -2799.38635 -3938.2995 0
"255" -2798.07365 -3929.246 1
"256" -2819.0568 -4042.8265 1
"257" -2805.9943 -3944.0235 1
"258" -2794.0423 -3921.515 0
"259" -2794.13195 -3927.847 0
"260" -2792.81925 -3918.7935 0
"261" -2921.58265 -3992.444 0
"262" -2917.26925 -4000.7165 0
"263" -2917.45225 -3963.99 0
"264" -2909.79425 -3994.82 0
"265" -2910.518 -4000.826 0
"266" -2906.67035 -3991.9625 0
"267" -2900.29295 -3972.394 0
"268" -2897.99785 -3992.988 0
"269" -2894.19215 -4001.1615 1
"270" -2891.2733 -3997.9615 1
"271" -2887.7466 -4008.008 1
"272" -2887.02335 -4002.47 1
"273" -2919.4133 -3987.6705 0
"274" -2915.0999 -3995.943 1
"275" -2915.2829 -3959.2165 0
"276" -2907.6249 -3990.0465 0
"277" -2908.34865 -3996.0525 0
"278" -2904.501 -3987.189 0
"279" -2898.1236 -3967.6205 0
"280" -2895.8285 -3988.2145 0
"281" -2892.0228 -3996.388 1
"282" -2889.10395 -3993.188 1
"283" -2885.57725 -4003.2345 1
"284" -2884.854 -3997.6965 1
"285" -2915.4683 -3984.292 1
"286" -2911.1549 -3992.5645 1
"287" -2911.3379 -3955.838 0
"288" -2903.6799 -3986.668 0
"289" -2904.40365 -3992.674 1
"290" -2900.556 -3983.8105 0
"291" -2894.1786 -3964.242 0
"292" -2891.8835 -3984.836 1
"293" -2888.0778 -3993.0095 0
"294" -2885.15895 -3989.8095 1
"295" -2880.909 -3994.318 1
"296" -2865.12025 -3960.801 1
"297" -2907.6748 -4023.91 1
"298" -2903.6147 -4013.2685 1
"299" -2898.1758 -4003.0205 1
"300" -2893.98755 -4041.831 0
"301" -2893.204 -4038.1115 0
"302" -2887.3156 -4005.87 0
"303" -2895.82315 -4008.4095 0
"304" -2893.6538 -4003.636 1
"305" -2889.7088 -4000.2575 1
"306" -2891.81785 -3944.943 1
"307" -2874.65855 -3953.347 0
"308" -2872.36345 -3973.941 1
"309" -2865.6389 -3978.9145 1
"310" -2845.6002 -3949.906 0
"311" -2833.6482 -3927.3975 1
"312" -2833.73785 -3933.7295 1
"313" -2832.42515 -3924.676 1
"314" -2833.94745 -4024.4915 1
"315" -2833.2242 -4018.9535 1
"316" -2827.94015 -4029.457 1
"317" -2817.43545 -3985.4365 1
"318" -2814.2406 -3939.7265 1
"319" -2802.2886 -3917.218 0
"320" -2802.37825 -3923.55 0
"321" -2801.06555 -3914.4965 0
"322" -2829.35445 -4019.2145 1
"323" -2824.0704 -4029.718 1
"324" -2939.1669 -4044.6655 1
"325" -2923.69225 -4028.504 1
"326" -2919.37885 -4036.7765 0
"327" -2911.90385 -4030.88 0
"328" -2912.6276 -4036.886 0
"329" -2908.77995 -4028.0225 1
"330" -2900.10745 -4029.048 1
"331" -2896.30175 -4037.2215 0
"332" -2893.3829 -4034.0215 1
"333" -2889.8562 -4044.068 0
"334" -2889.13295 -4038.53 1
"335" -2883.8489 -4049.0335 0
"336" -2897.93275 -4044.4695 0
"337" -2860.70505 -4015.71 1
"338" -2856.89935 -4023.8835 1
"339" -2853.9805 -4020.6835 0
"340" -2850.4538 -4030.73 0
"341" -2849.73055 -4025.192 0
"342" -2844.4465 -4035.6955 0
"343" -2858.53035 -4031.1315 1
"344" -2821.80915 -3954.821 0
"345" -2809.85715 -3932.3125 1
"346" -2809.9468 -3938.6445 0
"347" -2808.6341 -3929.591 1
"348" -2845.99635 -3946.803 1
"349" -2835.3476 -3928.703 1
"350" -2826.3353 -3933.6355 0
"351" -2818.66915 -3942.4735 0
"352" -2815.8586 -3953.6875 0
"353" -2813.55525 -3940.879 0
"354" -2811.9741 -3984.617 1
"355" -2812.144 -3979.233 1
"356" -2803.38505 -3956.479 0
"357" -2804.16765 -3918.734 1
"358" -2800.39895 -3952.143 0
"359" -2795.14455 -3941.6905 0
"360" -2834.75045 -3947.573 1
"361" -2806.5857 -3983.1035 1
"362" -2803.39085 -3937.3935 0
"363" -2802.71595 -3983.3645 1
"364" -2810.9594 -3952.488 0
"365" -2916.27835 -3991.878 0
"366" -2911.96495 -4000.1505 0
"367" -2912.14795 -3963.424 1
"368" -2904.48995 -3994.254 0
"369" -2905.2137 -4000.26 0
"370" -2901.36605 -3991.3965 0
"371" -2894.98865 -3971.828 0
"372" -2892.69355 -3992.422 0
"373" -2888.88785 -4000.5955 0
"374" -2885.969 -3997.3955 0
"375" -2882.4423 -4007.442 1
"376" -2881.71905 -4001.904 1
"377" -2890.51885 -4007.8435 1
"378" -2900.59075 -4013.954 1
"379" -2896.53065 -4003.3125 1
"380" -2891.09175 -3993.0645 1
"381" -2886.9035 -4031.875 1
"382" -2886.11995 -4028.1555 1
"383" -2880.23155 -3995.914 0
"384" -2874.3506 -3978.6365 1
"385" -2840.32835 -4016.4505 1
"386" -2840.49825 -4011.0665 1
"387" -2836.74565 -4020.4285 1
"388" -2888.7391 -3998.4535 1
"389" -2886.56975 -3993.68 1
"390" -2882.62475 -3990.3015 1
"391" -2863.1047 -3979.4065 1
"392" -2834.93995 -4014.937 1
"393" -2890.8487 -4034.5135 1
"394" -2851.4463 -4021.1755 0
"395" -2883.4348 -3997.8875 0
"396" -2873.49975 -4042.7835 1
"397" -2872.7162 -4039.064 1
"398" -2826.9246 -4027.359 0
"399" -2827.0945 -4021.975 0
"400" -2823.3419 -4031.337 0
"401" -2818.5674 -4033.6185 1
"402" -2812.65285 -4039.215 1
"403" -2808.93365 -4029.237 1
"404" -2807.5614 -4041.2135 1
"405" -2821.5362 -4025.8455 0
"406" -2817.66645 -4026.1065 1
"407" -2838.04255 -4032.084 0
"408" -2817.5993 -3952.7665 0
"409" -2805.6473 -3930.258 0
"410" -2805.73695 -3936.59 0
"411" -2804.42425 -3927.5365 1
"412" -2806.74955 -3950.4335 0
"413" -2825.09325 -2854.396 1
"414" -2818.0629 -2854.545 1
"415" -2812.35865 -2856.0495 1
"416" -2688.6347 -3141.0695 1
"417" -2764.21655 -3956.345 1
"418" -2761.23045 -3952.009 1
"419" -2755.97605 -3941.5565 1
"420" -2764.22235 -3937.2595 1
"421" -2767.58105 -3950.2995 1
"422" -2731.0938 -3940.051 0
"423" -2733.016 -3913.9595 1
"424" -2732.18545 -3925.6635 1
"425" -2752.56585 -4009.987 1
"426" -2751.1936 -4021.9635 1
"427" -2747.71255 -4012.035 1
"428" -2744.9383 -4016.03 1
"429" -2741.42835 -4023.075 1
"430" -2761.29865 -4006.8565 1
"431" -2732.51295 -4012.41 0
"432" -2728.845 -3963.677 1
"433" -2728.6082 -3940.2005 0
"434" -2726.3594 -3963.8265 1
"435" -2749.069 -4008.2165 1
"436" -2744.2157 -4010.2645 1
"437" -2741.44145 -4014.2595 1
"438" -2737.9315 -4021.3045 1
"439" -2729.0161 -4010.6395 0
"440" -2725.34815 -3961.9065 1
"441" -2722.86255 -3962.056 1
"442" -2726.40535 -3925.6975 1
"443" -2745.3854 -4006.605 1
"444" -2740.5321 -4008.653 1
"445" -2737.75785 -4012.648 1
"446" -2725.3325 -4009.028 1
"447" -2721.66455 -3960.295 1
"448" -2719.17895 -3960.4445 1
"449" -2720.27905 -4009.242 0
"450" -2716.7822 -4007.4715 0
"451" -2713.0986 -4005.86 0
"452" -2744.26255 -4009.984 1
"453" -2739.40925 -4012.032 1
"454" -2736.635 -4016.027 1
"455" -2733.12505 -4023.072 1
"456" -2724.20965 -4012.407 1
"457" -2720.5417 -3963.674 1
"458" -2718.0561 -3963.8235 1
"459" -2711.97575 -4009.239 0
"460" -2719.0706 -3940.873 0
"461" -2716.8218 -3964.499 1
"462" -2713.32495 -3962.7285 1
"463" -2709.64135 -3961.117 1
"464" -2708.5185 -3964.496 1
"465" -2719.33085 -3981.229 1
"466" -2717.08205 -4004.855 0
"467" -2713.5852 -4003.0845 0
"468" -2709.9016 -4001.473 0
"469" -2708.77875 -4004.852 0
"470" -2716.57835 -4008.366 1
"471" -2712.9104 -3959.633 1
"472" -2710.4248 -3959.7825 1
"473" -2704.34445 -4005.198 0
"474" -2700.8872 -3960.455 0
"475" -2701.14745 -4000.811 0
"476" -2710.799 -3947.1745 1
"477" -2708.5502 -3970.8005 1
"478" -2705.05335 -3969.03 1
"479" -2701.36975 -3967.4185 1
"480" -2700.2469 -3970.7975 1
"481" -2692.6156 -3966.7565 1
"482" -2704.43415 -3941.401 1
"483" -2701.94855 -3941.5505 1
"484" -2699.7457 -3927.0475 1
"485" -2692.41095 -3942.223 0
"486" -2692.6712 -3982.579 1
"487" -2684.13935 -3948.5245 0
"488" -2688.90445 -3999.0385 1
"489" -2685.4472 -3954.2955 1
"490" -2685.70745 -3994.6515 1
"491" -2677.1756 -3960.597 0
"492" -2684.56115 -4008.658 1
"493" -2681.36415 -4004.271 0
"494" -2672.8323 -3970.2165 1
"495" -2707.088 -4016.864 1
"496" -2694.8541 -4013.696 0
"497" -2691.6571 -4009.309 0
"498" -2683.12525 -3975.2545 1
"499" -2690.78855 -4009.756 1
"500" -2687.59155 -4005.369 0
"501" -2679.0597 -3971.3145 1
"502" -2631.45725 -3846.932 1
"503" -2626.41665 -3851.35 1
"504" -2672.8934 -3876.484 0
"505" -2667.8528 -3880.902 1
"506" -2694.34555 -3948.0535 1
"507" -2684.80795 -3948.726 1
"508" -2685.0682 -3989.082 1
"509" -2676.53635 -3955.0275 0
"510" -2686.4364 -3974.2905 1
"511" -2685.31355 -3977.6695 1
"512" -2677.68225 -3973.6285 0
"513" -2669.206 -3955.3965 0
"514" -2662.24225 -3967.469 0
"515" -2657.89895 -3977.0885 0
"516" -2668.1919 -3982.1265 1
"517" -2664.12635 -3978.1865 1
"518" -2661.603 -3961.8995 0
"519" -2686.06995 -3970.312 1
"520" -2684.9471 -3973.691 1
"521" -2677.3158 -3969.65 1
"522" -2668.83955 -3951.418 0
"523" -2661.8758 -3963.4905 0
"524" -2657.5325 -3973.11 0
"525" -2667.82545 -3978.148 0
"526" -2663.7599 -3974.208 0
"527" -2661.23655 -3957.921 0
"528" -2721.3379 -4017.6645 1
"529" -2717.84105 -4015.894 1
"530" -2714.15745 -4014.2825 1
"531" -2713.0346 -4017.6615 1
"532" -2705.4033 -4013.6205 0
"533" -2695.91295 -4022.1185 0
"534" -2691.8474 -4018.1785 1
"535" -2718.56565 -4015.0845 0
"536" -2715.0688 -4013.314 0
"537" -2711.3852 -4011.7025 0
"538" -2710.26235 -4015.0815 0
"539" -2702.63105 -4011.0405 0
"540" -2682.84775 -4014.5005 1
"541" -2693.1407 -4019.5385 0
"542" -2689.07515 -4015.5985 1
"543" -2768.1958 -3955.8785 1
"544" -2765.2097 -3951.5425 1
"545" -2759.9553 -3941.09 0
"546" -2768.2016 -3936.793 0
"547" -2775.77015 -3951.8875 1
"548" -2771.5603 -3949.833 1
"549" -2735.07305 -3939.5845 0
"550" -2736.99525 -3913.493 1
"551" -2736.1647 -3925.197 1
"552" -2732.58745 -3939.734 0
"553" -2730.3846 -3925.231 1
"554" -2723.04985 -3940.4065 0
"555" -2714.77825 -3946.708 1
"556" -2735.2369 -3980.047 1
"557" -2732.9881 -4003.673 0
"558" -2729.49125 -4001.9025 0
"559" -2725.80765 -4000.291 0
"560" -2724.6848 -4003.67 0
"561" -2717.0535 -3999.629 1
"562" -2707.56315 -4008.127 1
"563" -2703.4976 -4004.187 1
"564" -2739.21615 -3979.5805 1
"565" -2749.58575 -4011.259 1
"566" -2748.2135 -4023.2355 1
"567" -2744.73245 -4013.307 1
"568" -2741.9582 -4017.302 1
"569" -2738.44825 -4024.347 1
"570" -2729.53285 -4013.682 0
"571" -2725.8649 -3964.949 1
"572" -2723.3793 -3965.0985 1
"573" -2717.29895 -4010.514 0
"574" -2713.8417 -3965.771 1
"575" -2714.10195 -4006.127 0
"576" -2705.5701 -3972.0725 1
"577" -2718.3578 -4018.9365 1
"578" -2715.58555 -4016.3565 0
"579" -2730.008 -4004.945 0
"580" -2722.94505 -3917.473 1
"581" -2681.7289 -3879.2925 1
"582" -2726.9243 -3917.0065 1
"583" -2682.14895 -3876.3245 1
"584" -2720.51335 -4009.5135 0
"585" -2716.8454 -3960.7805 1
"586" -2714.3598 -3960.93 1
"587" -2708.27945 -4006.3455 0
"588" -2704.8222 -3961.6025 1
"589" -2705.08245 -4001.9585 0
"590" -2696.5506 -3967.904 1
"591" -2681.61725 -3974.776 0
"592" -2681.2508 -3970.7975 1
"593" -2709.3383 -4014.768 1
"594" -2706.56605 -4012.188 0
"595" -2720.9885 -4000.7765 0
"596" -2714.235 -4016.0235 1
"597" -2702.0011 -4012.8555 0
"598" -2698.8041 -4008.4685 0
"599" -2690.27225 -3974.414 1
"600" -2675.3389 -3981.286 1
"601" -2674.97245 -3977.3075 1
"602" -2703.05995 -4021.278 0
"603" -2700.2877 -4018.698 0
"604" -2714.71015 -4007.2865 1
"605" -2710.4079 -4014.8775 1
"606" -2698.174 -4011.7095 0
"607" -2694.977 -4007.3225 0
"608" -2686.44515 -3973.268 1
"609" -2671.5118 -3980.14 0
"610" -2671.14535 -3976.1615 1
"611" -2699.23285 -4020.132 1
"612" -2696.4606 -4017.552 0
"613" -2710.88305 -4006.1405 1
"614" -2532.312 -3886.9665 1
"615" -2527.60655 -3881.6295 1
"616" -2522.2907 -3882.5035 0
"617" -2517.58525 -3877.1665 0
"618" -2501.83715 -3877.058 1
"619" -2519.52355 -3884.5045 0
"620" -2514.8181 -3879.1675 0
"621" -2499.07 -3879.059 1
"622" -2515.3492 -3882.964 0
"623" -2510.64375 -3877.627 0
"624" -2494.89565 -3877.5185 1
"625" -2505.81875 -3886.756 0
"626" -2501.1133 -3881.419 0
"627" -2485.3652 -3881.3105 0
"628" -2469.45125 -3889.042 1
"629" -2515.19495 -3886.08 0
"630" -2510.4895 -3880.743 0
"631" -2494.7414 -3880.6345 1
"632" -2510.5379 -3884.3495 0
"633" -2505.83245 -3879.0125 0
"634" -2490.08435 -3878.904 1
"635" -2478.0081 -3851.9215 1
"636" -2462.26 -3851.813 1
"637" -2473.98505 -3809.5555 1
"638" -2467.6668 -3795.6415 1
"639" -2433.94555 -3828.7445 1
"640" -2431.52805 -3816.0545 1
"641" -2463.19575 -3819.4395 0
"642" -2440.89035 -3865.9265 1
"643" -2424.9764 -3873.658 0
"644" -2412.5759 -3842.858 1
"645" -2410.1584 -3830.168 1
"646" -2441.8261 -3833.553 1
"647" -2208.42945 -2801.316 0
"648" -2190.9369 -2797.3815 1
"649" -2237.97935 -2799.6925 1
"650" -2213.9451 -2808.2405 0
"651" -2185.6213 -2790.0755 1
"652" -2202.70535 -2799.117 0
"653" -2352.5532 -3986.3 1
"654" -2348.27275 -3987.722 1
"655" -2340.0384 -3985.1655 0
"656" -2329.99525 -3996.915 0
"657" -2330.54365 -3981.7405 0
"658" -2325.70115 -3981.6515 0
"659" -2350.9593 -3989.2355 1
"660" -2346.67885 -3990.6575 1
"661" -2338.4445 -3988.101 0
"662" -2328.40135 -3999.8505 0
"663" -2328.94975 -3984.676 0
"664" -2324.10725 -3984.587 0
"665" -2318.10495 -3996.551 0
"666" -2316.51105 -3999.4865 0
"667" -2343.42675 -3984.208 1
"668" -2335.1924 -3981.6515 0
"669" -2325.14925 -3993.401 0
"670" -2325.69765 -3978.2265 0
"671" -2320.85515 -3978.1375 0
"672" -2313.25895 -3993.037 0
"673" -2316.6825 -3975.3545 0
"674" -2315.0886 -3978.29 0
"675" -2311.8365 -3971.8405 0
"676" -2342.14045 -3988.7385 1
"677" -2333.9061 -3986.182 1
"678" -2323.86295 -3997.9315 0
"679" -2324.41135 -3982.757 1
"680" -2319.56885 -3982.668 0
"681" -2311.97265 -3997.5675 0
"682" -2310.5502 -3976.371 0
"683" -2311.3235 -3994.5905 0
"684" -2309.7296 -3997.526 0
"685" -2306.4775 -3991.0765 0
"686" -2305.1912 -3995.607 0
"687" -2311.3362 -3971.299 0
"688" -2309.7423 -3974.2345 1
"689" -2306.4902 -3967.785 0
"690" -2305.2039 -3972.3155 1
"691" -2304.311 -3964.429 1
"692" -2302.7171 -3967.3645 1
"693" -2299.465 -3960.915 1
"694" -2298.1787 -3965.4455 1
"695" -2303.86205 -3991.183 0
"696" -2302.26815 -3994.1185 0
"697" -2299.01605 -3987.669 0
"698" -2297.72975 -3992.1995 0
"699" -2297.9376 -3991.7775 1
"700" -2296.3437 -3994.713 1
"701" -2293.0916 -3988.2635 0
"702" -2291.8053 -3992.794 0
"703" -2293.57015 -3993.589 1
"704" -2291.97625 -3996.5245 1
"705" -2288.72415 -3990.075 1
"706" -2287.43785 -3994.6055 1
"707" -2293.7015 -3991.2265 1
"708" -2292.1076 -3994.162 1
"709" -2288.8555 -3987.7125 1
"710" -2287.5692 -3992.243 0
"711" -2290.5615 -3991.197 1
"712" -2288.9676 -3994.1325 1
"713" -2285.7155 -3987.683 1
"714" -2284.4292 -3992.2135 1
"715" -2281.7421 -3961.239 1
"716" -2276.3831 -3980.475 1
"717" -2276.3958 -3957.1835 1
"718" -2269.3706 -3950.3135 0
"719" -2268.92165 -3977.0675 1
"720" -2262.9972 -3977.662 0
"721" -2258.62975 -3979.4735 0
"722" -2258.7611 -3977.111 0
"723" -2255.6211 -3977.0815 0
"724" -2243.74025 -3985.2185 1
"725" -2240.4155 -3987.6815 1
"726" -2237.5056 -3947.8165 0
"727" -2235.83605 -3943.463 1
"728" -2236.00585 -3988.4865 1
"729" -2232.89255 -3949.703 1
"730" -2231.89885 -3990.783 1
"731" -2239.0051 -3988.4685 1
"732" -2234.63765 -3990.28 1
"733" -2234.769 -3987.9175 1
"734" -2231.629 -3987.888 1
"735" -2219.74815 -3996.025 0
"736" -2216.4234 -3998.488 0
"737" -2213.5135 -3958.623 1
"738" -2211.84395 -3954.2695 1
"739" -2212.01375 -3999.293 0
"740" -2208.90045 -3960.5095 1
"741" -2207.90675 -4001.5895 0
"742" -2233.15265 -3982.92 1
"743" -2233.284 -3980.5575 1
"744" -2230.144 -3980.528 1
"745" -2218.26315 -3988.665 1
"746" -2214.9384 -3991.128 1
"747" -2212.0285 -3951.263 0
"748" -2210.35895 -3946.9095 1
"749" -2210.52875 -3991.933 1
"750" -2207.41545 -3953.1495 0
"751" -2206.42175 -3994.2295 1
"752" -2239.3405 -3996.621 1
"753" -2234.97305 -3998.4325 1
"754" -2235.1044 -3996.07 1
"755" -2231.9644 -3996.0405 1
"756" -2220.08355 -4004.1775 0
"757" -2216.7588 -4006.6405 0
"758" -2213.8489 -3966.7755 1
"759" -2212.34915 -4007.4455 0
"760" -2209.23585 -3968.662 1
"761" -2208.24215 -4009.742 0
"762" -2201.849 -4004.344 0
"763" -2200.364 -3996.984 1
"764" -2202.1844 -4012.4965 0
"765" -2224.52805 -3953.868 1
"766" -2200.53595 -3964.6745 0
"767" -2199.05095 -3957.3145 0
"768" -2200.87135 -3972.827 1
"769" -2227.13275 -3998.6875 1
"770" -2215.2519 -4006.8245 1
"771" -2211.92715 -4009.2875 0
"772" -2207.5175 -4010.0925 0
"773" -2203.4105 -4012.389 0
"774" -2197.35275 -4015.1435 0
"775" -2196.0397 -3975.474 1
"776" -2198.5367 -4006.491 1
"777" -2197.0517 -3999.131 1
"778" -2198.8721 -4014.6435 0
"779" -2194.04045 -4017.2905 0
"780" -2192.43925 -4005.455 1
"781" -2190.95425 -3998.095 1
"782" -2192.77465 -4013.6075 0
"783" -2187.943 -4016.2545 0
"784" -2207.2175 -3987.5545 1
"785" -2203.89275 -3990.0175 1
"786" -2200.98285 -3950.1525 1
"787" -2199.3133 -3945.799 1
"788" -2199.4831 -3990.8225 1
"789" -2196.3698 -3952.039 1
"790" -2195.3761 -3993.119 1
"791" -2189.31835 -3995.8735 1
"792" -2188.0053 -3956.204 0
"793" -2186.00605 -3998.0205 1
"794" -2179.9086 -3996.9845 1
"795" -2190.7083 -3940.217 1
"796" -2179.66265 -3939.1065 1
"797" -2206.156 -4007.697 0
"798" -2202.83125 -4010.16 1
"799" -2198.4216 -4010.965 1
"800" -2194.3146 -4013.2615 0
"801" -2188.25685 -4016.016 0
"802" -2186.9438 -3976.3465 1
"803" -2184.94455 -4018.163 0
"804" -2178.8471 -4017.127 0
"805" -2191.4221 -3999.149 1
"806" -2188.3088 -3960.3655 1
"807" -2187.3151 -4001.4455 1
"808" -2181.25735 -4004.2 1
"809" -2179.9443 -3964.5305 1
"810" -2177.94505 -4006.347 1
"811" -2171.8476 -4005.311 1
"812" -2196.39255 -4007.7255 1
"813" -2191.9829 -4008.5305 1
"814" -2187.8759 -4010.827 1
"815" -2181.81815 -4013.5815 0
"816" -2180.5051 -3973.912 1
"817" -2178.50585 -4015.7285 0
"818" -2172.4084 -4014.6925 0
"819" -2188.09525 -4004.473 1
"820" -2183.98825 -4006.7695 0
"821" -2177.9305 -4009.524 1
"822" -2176.61745 -3969.8545 1
"823" -2174.6182 -4011.671 1
"824" -2168.52075 -4010.635 1
"825" -2317.0837 -3963.9715 1
"826" -2315.4898 -3966.907 1
"827" -2312.2377 -3960.4575 1
"828" -2310.9514 -3964.988 1
"829" -2282.1433 -3949.856 1
"830" -2306.0938 -3977.179 0
"831" -2304.4999 -3980.1145 1
"832" -2301.2478 -3973.665 0
"833" -2299.9615 -3978.1955 0
"834" -2271.1534 -3963.0635 0
"835" -2304.54585 -3967.9915 1
"836" -2302.95195 -3970.927 1
"837" -2299.69985 -3964.4775 0
"838" -2298.41355 -3969.008 1
"839" -2269.60545 -3953.876 0
"840" -2301.2303 -3972.0185 1
"841" -2299.6364 -3974.954 1
"842" -2296.3843 -3968.5045 0
"843" -2295.098 -3973.035 1
"844" -2266.2899 -3957.903 0
"845" -2298.20645 -3969.5855 1
"846" -2296.61255 -3972.521 1
"847" -2293.36045 -3966.0715 1
"848" -2292.07415 -3970.602 1
"849" -2263.26605 -3955.47 0
"850" -2279.7259 -3947.423 1
"851" -2274.3796 -3943.3675 0
"852" -2267.3544 -3936.4975 0
"853" -2266.90545 -3963.2515 1
"854" -2260.981 -3963.846 0
"855" -2256.61355 -3965.6575 1
"856" -2256.7449 -3963.295 1
"857" -2253.6049 -3963.2655 1
"858" -2235.4894 -3934.0005 0
"859" -2233.81985 -3929.647 0
"860" -2230.87635 -3935.887 0
"861" -2222.51185 -3940.052 0
"862" -2280.1271 -3936.04 1
"863" -2269.1372 -3949.2475 0
"864" -2267.58925 -3940.06 1
"865" -2264.2737 -3944.087 0
"866" -2261.24985 -3941.654 0
"867" -2271.8141 -3947.103 1
"868" -2264.7889 -3940.233 0
"869" -2264.33995 -3966.987 1
"870" -2258.4155 -3967.5815 1
"871" -2254.04805 -3969.393 1
"872" -2254.1794 -3967.0305 1
"873" -2251.0394 -3967.001 1
"874" -2239.15855 -3975.138 1
"875" -2232.9239 -3937.736 0
"876" -2231.25435 -3933.3825 0
"877" -2228.31085 -3939.6225 0
"878" -2219.94635 -3943.7875 1
"879" -2211.6037 -3926.69 1
"880" -2277.5616 -3939.7755 1
"881" -2266.5717 -3952.983 1
"882" -2265.02375 -3943.7955 1
"883" -2261.7082 -3947.8225 0
"884" -2258.68435 -3945.3895 0
"885" -2243.7152 -3987.9285 1
"886" -2239.34775 -3989.74 1
"887" -2239.4791 -3987.3775 1
"888" -2236.3391 -3987.348 1
"889" -2224.45825 -3995.485 0
"890" -2221.1335 -3997.948 0
"891" -2218.2236 -3958.083 1
"892" -2216.55405 -3953.7295 1
"893" -2216.72385 -3998.753 0
"894" -2213.61055 -3959.9695 1
"895" -2212.61685 -4001.0495 0
"896" -2206.5591 -4003.804 0
"897" -2205.24605 -3964.1345 0
"898" -2203.2468 -4005.951 1
"899" -2197.14935 -4004.915 1
"900" -2243.98405 -3965.7365 1
"901" -2242.29815 -3984.9485 1
"902" -2237.9307 -3986.76 1
"903" -2238.06205 -3984.3975 1
"904" -2234.92205 -3984.368 1
"905" -2223.0412 -3992.505 0
"906" -2219.71645 -3994.968 0
"907" -2216.80655 -3955.103 1
"908" -2215.137 -3950.7495 1
"909" -2215.3068 -3995.773 0
"910" -2212.1935 -3956.9895 0
"911" -2211.1998 -3998.0695 0
"912" -2205.14205 -4000.824 1
"913" -2203.829 -3961.1545 0
"914" -2201.82975 -4002.971 1
"915" -2195.7323 -4001.935 1
"916" -2242.567 -3962.7565 1
"917" -2340.9655 -3981.541 1
"918" -2332.73115 -3978.9845 1
"919" -2322.688 -3990.734 1
"920" -2323.2364 -3975.5595 1
"921" -2318.3939 -3975.4705 0
"922" -2310.7977 -3990.37 0
"923" -2309.37525 -3969.1735 0
"924" -2304.01625 -3988.4095 0
"925" -2304.02895 -3965.118 0
"926" -2297.00375 -3958.248 0
"927" -2296.5548 -3985.002 0
"928" -2290.63035 -3985.5965 0
"929" -2286.2629 -3987.408 0
"930" -2286.39425 -3985.0455 0
"931" -2283.25425 -3985.016 1
"932" -2309.77645 -3957.7905 0
"933" -2298.78655 -3970.998 0
"934" -2297.2386 -3961.8105 1
"935" -2293.92305 -3965.8375 0
"936" -2290.8992 -3963.4045 1
"937" -2295.62075 -3981.362 1
"938" -2294.02685 -3984.2975 1
"939" -2290.77475 -3977.848 0
"940" -2289.48845 -3982.3785 1
"941" -2260.68035 -3967.2465 0
"942" -2236.68825 -3978.053 1
"943" -2235.20325 -3970.693 1
"944" -2237.02365 -3986.2055 1
"945" -2258.66415 -3953.4305 1
"946" -2256.09865 -3957.166 1
"947" -2241.39835 -3977.513 1
"948" -2239.9813 -3974.533 1
"949" -2288.3135 -3975.181 1
"950" -2279.10555 -3990.9525 1
"951" -2277.81925 -3995.483 1
"952" -2249.01115 -3980.351 0
"953" -2225.01905 -3991.1575 1
"954" -2223.53405 -3983.7975 1
"955" -2225.35445 -3999.31 1
"956" -2220.5228 -4001.957 1
"957" -2211.4269 -4002.8295 1
"958" -2246.99495 -3966.535 1
"959" -2244.42945 -3970.2705 1
"960" -2229.72915 -3990.6175 0
"961" -2228.3121 -3987.6375 0
"962" -2276.6443 -3988.2855 1
"963" -2280.51005 -3995.6635 1
"964" -2273.7286 -3993.703 1
"965" -2273.7413 -3970.4115 1
"966" -2266.7161 -3963.5415 1
"967" -2266.26715 -3990.2955 0
"968" -2260.3427 -3990.89 0
"969" -2255.97525 -3992.7015 0
"970" -2256.1066 -3990.339 0
"971" -2252.9666 -3990.3095 0
"972" -2241.08575 -3998.4465 0
"973" -2237.761 -4000.9095 0
"974" -2234.8511 -3961.0445 1
"975" -2233.18155 -3956.691 1
"976" -2233.35135 -4001.7145 0
"977" -2230.23805 -3962.931 1
"978" -2229.24435 -4004.011 1
"979" -2223.1866 -4006.7655 1
"980" -2221.87355 -3967.096 1
"981" -2219.8743 -4008.9125 1
"982" -2268.4989 -3976.2915 1
"983" -2266.95095 -3967.104 1
"984" -2263.6354 -3971.131 1
"985" -2260.61155 -3968.698 1
"986" -2258.02585 -3980.4745 0
"987" -2246.35665 -3993.579 0
"988" -2209.52635 -4006.3565 1
"989" -2206.2016 -4008.8195 1
"990" -2201.79195 -4009.6245 0
"991" -2197.68495 -4011.921 0
"992" -2191.6272 -4014.6755 0
"993" -2190.31415 -3975.006 0
"994" -2188.3149 -4016.8225 0
"995" -2182.21745 -4015.7865 0
"996" -2214.79725 -4001.489 1
"997" -2236.84265 -3980.3905 1
"998" -2236.974 -3978.028 1
"999" -2233.834 -3977.9985 1
"1000" -2221.95315 -3986.1355 1
"1001" -2218.6284 -3988.5985 1
"1002" -2215.7185 -3948.7335 0
"1003" -2214.04895 -3944.38 1
"1004" -2214.21875 -3989.4035 1
"1005" -2211.10545 -3950.62 0
"1006" -2210.11175 -3991.7 1
"1007" -2204.054 -3994.4545 1
"1008" -2202.74095 -3954.785 0
"1009" -2200.7417 -3996.6015 1
"1010" -2194.64425 -3995.5655 1
"1011" -2194.3983 -3937.6875 1
"1012" -2241.47895 -3956.387 1
"1013" -2238.89325 -3968.1635 1
"1014" -2227.22405 -3981.268 1
"1015" -2330.936 -3970.914 0
"1016" -2329.3421 -3973.8495 1
"1017" -2326.09 -3967.4 0
"1018" -2324.8037 -3971.9305 1
"1019" -2323.62875 -3964.733 0
"1020" -2294.49635 -3970.4805 1
"1021" -2292.90245 -3973.416 1
"1022" -2289.65035 -3966.9665 1
"1023" -2288.36405 -3971.497 1
"1024" -2259.55595 -3956.365 0
"1025" -2234.07885 -3959.8115 1
"1026" -2257.53975 -3942.549 0
"1027" -2254.97425 -3946.2845 0
"1028" -2240.27395 -3966.6315 1
"1029" -2238.8569 -3963.6515 1
"1030" -2287.1891 -3964.2995 1
"1031" -2256.90145 -3969.593 0
"1032" -2237.76885 -3957.282 1
"1033" -2270.3438 -3944.6225 1
"1034" -2263.3186 -3937.7525 1
"1035" -2256.9452 -3965.101 1
"1036" -2252.57775 -3966.9125 1
"1037" -2252.7091 -3964.55 1
"1038" -2249.5691 -3964.5205 1
"1039" -2237.68825 -3972.6575 1
"1040" -2231.4536 -3935.2555 0
"1041" -2229.78405 -3930.902 0
"1042" -2226.84055 -3937.142 0
"1043" -2218.47605 -3941.307 1
"1044" -2210.1334 -3924.2095 1
"1045" -2265.1014 -3950.5025 1
"1046" -2263.55345 -3941.315 1
"1047" -2260.2379 -3945.342 0
"1048" -2257.21405 -3942.909 0
"1049" -2254.62835 -3954.6855 1
"1050" -2242.95915 -3967.79 1
"1051" -2253.50395 -3943.804 0
"1052" -2243.1797 -3996.5855 1
"1053" -2238.81225 -3998.397 1
"1054" -2238.9436 -3996.0345 1
"1055" -2235.8036 -3996.005 1
"1056" -2223.92275 -4004.142 0
"1057" -2220.598 -4006.605 0
"1058" -2217.6881 -3966.74 1
"1059" -2216.18835 -4007.41 0
"1060" -2213.07505 -3968.6265 1
"1061" -2212.08135 -4009.7065 0
"1062" -2206.0236 -4012.461 0
"1063" -2204.71055 -3972.7915 1
"1064" -2202.7113 -4014.608 0
"1065" -2196.61385 -4013.572 0
"1066" -2240.86285 -3986.17 1
"1067" -2229.19365 -3999.2745 0
"1068" -2229.8023 -3953.201 1
"1069" -2205.8102 -3964.0075 0
"1070" -2204.3252 -3956.6475 0
"1071" -2206.1456 -3972.16 1
"1072" -2201.31395 -3974.807 1
"1073" -2193.27955 -3955.537 0
"1074" -2192.21805 -3975.6795 1
"1075" -2185.21855 -3963.8635 1
"1076" -2227.7861 -3939.385 1
"1077" -2225.2206 -3943.1205 0
"1078" -2210.5203 -3963.4675 0
"1079" -2209.10325 -3960.4875 0
"1080" -2227.1478 -3966.429 1
"1081" -2195.5884 -3974.339 1
"1082" -2208.0152 -3954.118 0
"1083" -2223.7503 -3940.64 0
"1084" -2209.9848 -3972.1245 1
"1085" -2229.2007 -3989.497 1
"1086" -2205.2086 -4000.3035 0
"1087" -2203.7236 -3992.9435 1
"1088" -2205.544 -4008.456 0
"1089" -2200.71235 -4011.103 0
"1090" -2192.67795 -3991.833 1
"1091" -2191.61645 -4011.9755 0
"1092" -2184.61695 -4000.1595 1
"1093" -2185.17775 -4009.541 0
"1094" -2181.2901 -4005.4835 1
"1095" -2209.9187 -3999.7635 0
"1096" -2208.50165 -3996.7835 0
"1097" -2226.5462 -4002.725 1
"1098" -2194.9868 -4010.635 0
"1099" -2207.4136 -3990.414 1
"1100" -2209.3832 -4008.4205 0
"1101" -2202.1244 -4001.674 0
"1102" -2200.6394 -3994.314 1
"1103" -2202.4598 -4009.8265 0
"1104" -2197.62815 -4012.4735 0
"1105" -2189.59375 -3993.2035 1
"1106" -2188.53225 -4013.346 0
"1107" -2181.53275 -4001.53 1
"1108" -2182.09355 -4010.9115 0
"1109" -2178.2059 -4006.854 1
"1110" -2206.8345 -4001.134 0
"1111" -2205.41745 -3998.154 0
"1112" -2223.462 -4004.0955 1
"1113" -2191.9026 -4012.0055 0
"1114" -2204.3294 -3991.7845 1
"1115" -2206.299 -4009.791 0
"1116" -2199.41825 -4000.4505 0
"1117" -2197.93325 -3993.0905 1
"1118" -2199.75365 -4008.603 0
"1119" -2194.922 -4011.25 0
"1120" -2186.8876 -3991.98 1
"1121" -2185.8261 -4012.1225 0
"1122" -2178.8266 -4000.3065 1
"1123" -2179.3874 -4009.688 0
"1124" -2175.49975 -4005.6305 0
"1125" -2204.12835 -3999.9105 0
"1126" -2202.7113 -3996.9305 0
"1127" -2220.75585 -4002.872 1
"1128" -2189.19645 -4010.782 0
"1129" -2201.62325 -3990.561 1
"1130" -2203.59285 -4008.5675 0
"1131" -2187.96655 -4003.6085 1
"1132" -2183.85955 -4005.905 1
"1133" -2177.8018 -4008.6595 1
"1134" -2176.48875 -3968.99 1
"1135" -2174.4895 -4010.8065 1
"1136" -2168.39205 -4009.7705 0
"1137" -2181.1614 -4004.619 1
"1138" -2178.0772 -4005.9895 1
"1139" -2175.37105 -4004.766 1
"1140" -2005.25415 -3248.1955 1
"1141" -2004.50685 -3245.9725 1
"1142" -2048.37625 -3032.9865 1
"1143" -1804.07475 -3960.6915 1
"1144" -1784.88905 -3966.9335 0
"1145" -1778.808 -3986.0145 1
"1146" -1804.7189 -3955.492 1
"1147" -1795.0384 -3991.4155 0
"1148" -1789.0644 -4004.628 1
"1149" -1780.2466 -3995.86 1
"1150" -3113.3679 -3986.081 1
"1151" -2975.72215 -4010.9855 1
"1152" -2973.6984 -4012.686 1
"1153" -2969.86855 -4013.8195 1
"1154" -2969.74875 -4010.6255 1
"1155" -2963.83405 -4012.299 1
"1156" -2953.99005 -4017.034 0
"1157" -2938.5154 -4000.8725 0
"1158" -2934.202 -4009.145 0
"1159" -2934.385 -3972.4185 1
"1160" -2926.727 -4003.2485 0
"1161" -2927.45075 -4009.2545 0
"1162" -2923.6031 -4000.391 0
"1163" -2917.2257 -3980.8225 1
"1164" -2914.9306 -4001.4165 1
"1165" -2911.1249 -4009.59 1
"1166" -2908.20605 -4006.39 1
"1167" -2912.7559 -4016.838 1
"1168" -3010.9235 -4045.616 0
"1169" -3003.83505 -4041.7085 0
"1170" -3003.64465 -4045.7295 0
"1171" -3001.75245 -4038.8085 0
"1172" -2999.7287 -4040.509 0
"1173" -2995.89885 -4041.6425 0
"1174" -2995.77905 -4038.4485 0
"1175" -3009.7691 -4050.203 0
"1176" -2989.86435 -4040.122 0
"1177" -2980.02035 -4044.857 0
"1178" -2959.47205 -4009.3835 0
"1179" -2953.86355 -4008.8565 0
"1180" -2951.16715 -4025.3845 0
"1181" -2951.7713 -4006.1695 0
"1182" -2938.99015 -4013.0905 0
"1183" -2938.5983 -3978.275 1
"1184" -2934.93005 -4002.449 0
"1185" -2929.49115 -3992.201 1
"1186" -2925.3029 -4031.0115 1
"1187" -2924.51935 -4027.292 1
"1188" -2918.63095 -3995.0505 1
"1189" -2927.1385 -3997.59 1
"1190" -2924.96915 -3992.8165 1
"1191" -2921.02415 -3989.438 1
"1192" -2929.2481 -4033.65 1
"1193" -2921.8342 -3997.024 1
"1194" -2944.07125 -4006.0185 0
"1195" -2970.10155 -4033.8415 1
"1196" -2812.393 -2850.502 1
"1197" -2670.18675 -3867.5205 0
"1198" -2665.14615 -3871.9385 1
"1199" -2528.11395 -3883.784 0
"1200" -2523.4085 -3878.447 1
"1201" -2332.57065 -3988.2695 0
"1202" -2330.97675 -3991.205 0
"1203" -2327.72465 -3984.7555 0
"1204" -2326.43835 -3989.286 0
"1205" -2325.2634 -3982.0885 0
"1206" -2379.41715 -3845.7695 1
"1207" -2358.0726 -3989.4485 1
"1208" -2353.79215 -3990.8705 1
"1209" -2345.5578 -3988.314 0
"1210" -2335.51465 -4000.0635 0
"1211" -2336.06305 -3984.889 0
"1212" -2331.22055 -3984.8 0
"1213" -2323.62435 -3999.6995 0
"1214" -2322.2019 -3978.503 0
"1215" -2316.8429 -3997.739 1
"1216" -2316.8556 -3974.4475 1
"1217" -2309.38145 -3994.3315 1
"1218" -2303.457 -3994.926 1
"1219" -2299.08955 -3996.7375 1
"1220" -2299.2209 -3994.375 1
"1221" -2322.6031 -3967.12 1
"1222" -2311.6132 -3980.3275 0
"1223" -2310.06525 -3971.14 1
"1224" -2306.7497 -3975.167 1
"1225" -2301.14015 -3984.5105 1
"1226" -2336.4554 -3974.0625 1
"1227" -2338.09005 -3991.418 0
"1228" -2074.53525 -3257.4125 1
"1229" -2075.65925 -3250.7605 1
"1230" -2074.5548 -3264.4685 1
"1231" -1768.7085 -3983.658 1
